   0
   4
   7
  10
  13
  16
  19
  22
  25
  28
  31
  34
  37
  40
  43
  46
  49
  52
  55
  58
  60
  63
  66
  68
  71
  74
  76
  79
  81
  83
  86
  88
  90
  92
  95
  97
  99
 101
 103
 104
 106
 108
 109
 111
 113
 114
 115
 117
 118
 119
 120
 121
 122
 123
 124
 124
 125
 126
 126
 127
 127
 127
 127
 127
 127
 127
 127
 127
 127
 127
 126
 126
 125
 124
 124
 123
 122
 121
 120
 119
 118
 117
 115
 114
 113
 111
 109
 108
 106
 104
 103
 101
  99
  97
  95
  92
  90
  88
  86
  83
  81
  79
  76
  74
  71
  68
  66
  63
  60
  58
  55
  52
  49
  46
  43
  40
  37
  34
  31
  28
  25
  22
  19
  16
  13
  10
   7
   4
   0
  -4
  -7
 -10
 -13
 -16
 -19
 -22
 -25
 -28
 -31
 -34
 -37
 -40
 -43
 -46
 -49
 -52
 -55
 -58
 -60
 -63
 -66
 -68
 -71
 -74
 -76
 -79
 -81
 -83
 -86
 -88
 -90
 -92
 -95
 -97
 -99
-101
-103
-104
-106
-108
-109
-111
-113
-114
-115
-117
-118
-119
-120
-121
-122
-123
-124
-124
-125
-126
-126
-127
-127
-127
-127
-127
-127
-127
-127
-127
-127
-127
-126
-126
-125
-124
-124
-123
-122
-121
-120
-119
-118
-117
-115
-114
-113
-111
-109
-108
-106
-104
-103
-101
 -99
 -97
 -95
 -92
 -90
 -88
 -86
 -83
 -81
 -79
 -76
 -74
 -71
 -68
 -66
 -63
 -60
 -58
 -55
 -52
 -49
 -46
 -43
 -40
 -37
 -34
 -31
 -28
 -25
 -22
 -19
 -16
 -13
 -10
  -7
  -4
