   0
   3
   6
  10
  13
  16
  19
  22
  25
  28
  31
  34
  37
  40
  43
  46
  49
  52
  55
  58
  60
  63
  65
  68
  71
  73
  75
  78
  80
  82
  85
  87
  90
  92
  94
  97
  98
 100
 102
 103
 105
 107
 108
 110
 112
 113
 115
 117
 118
 118
 119
 120
 121
 122
 122
 123
 124
 125
 126
 126
 127
 127
 127
 127
 127
 127
 127
 127
 127
 126
 126
 125
 124
 123
 122
 122
 121
 120
 119
 118
 118
 117
 115
 113
 112
 110
 108
 107
 105
 103
 102
 100
  98
  97
  94
  92
  90
  87
  85
  82
  80
  78
  75
  73
  71
  68
  65
  63
  60
  58
  55
  52
  49
  46
  43
  40
  37
  34
  31
  28
  25
  22
  19
  16
  13
  10
   6
   3
   0
  -3
  -6
 -10
 -13
 -16
 -19
 -22
 -25
 -28
 -31
 -34
 -37
 -40
 -43
 -46
 -49
 -52
 -55
 -58
 -60
 -63
 -65
 -68
 -71
 -73
 -75
 -78
 -80
 -82
 -85
 -87
 -90
 -92
 -94
 -97
 -98
-100
-102
-103
-105
-107
-108
-110
-112
-113
-115
-117
-118
-118
-119
-120
-121
-122
-122
-123
-124
-125
-126
-126
-127
-127
-127
-127
-127
-127
-127
-127
-127
-126
-126
-125
-124
-123
-122
-122
-121
-120
-119
-118
-118
-117
-115
-113
-112
-110
-108
-107
-105
-103
-102
-100
 -98
 -97
 -94
 -92
 -90
 -87
 -85
 -82
 -80
 -78
 -75
 -73
 -71
 -68
 -65
 -63
 -60
 -58
 -55
 -52
 -49
 -46
 -43
 -40
 -37
 -34
 -31
 -28
 -25
 -22
 -19
 -16
 -13
 -10
  -6
  -3
